1024 150000 1000 1000 1000 4 65536
383 886 777 18547 1 3 -3
492 649 421 22714 0 1 3
763 926 540 25282 3 -3 4
368 567 429 3958 4 4 0
67 135 929 1946 -4 -1 1
167 393 456 12451 3 2 -4
421 919 784 23273 1 -2 -2
370 413 526 30363 4 4 -4
862 170 996 34369 2 -4 1
327 336 505 51262 -1 0 -2
124 895 582 24321 -2 2 -2
364 43 750 55183 2 2 4
788 584 403 1787 4 -3 2
60 676 368 32731 -3 3 -4
94 539 795 9978 -2 -3 4
601 97 902 61445 -4 3 -2
301 280 286 43105 2 1 -3
619 440 729 46607 0 2 -2
481 675 709 24047 -1 3 1
353 586 965 36810 -2 1 -2
528 871 732 38589 -1 -2 -4
368 708 715 50532 -1 2 -2
618 245 846 9035 0 -2 -2
488 764 228 51729 1 -3 0
34 764 124 4594 1 4 2
491 227 365 3811 3 0 -2
437 228 275 367 -1 3 4
395 29 237 14091 3 1 -2
143 11 928 28713 -2 -3 3
763 613 538 59214 3 3 0
128 688 369 23629 -2 -4 -2
743 470 183 50682 1 -3 -2
644 590 505 64043 -2 3 -1
82 542 464 8629 -1 -4 0
348 611 622 20628 1 -1 0
568 340 422 27471 -3 2 3
661 730 878 46505 -1 4 3
626 522 465 50772 -3 2 -2
924 637 62 44568 -4 -1 4
899 379 550 22348 4 2 4
881 930 933 59398 3 -1 3
981 899 996 40575 2 -3 -4
190 95 926 56882 -2 2 3
684 376 542 11808 0 2 2
179 418 887 8964 0 -3 -1
9 336 210 43910 1 -1 2
713 372 321 26727 4 0 -4
904 939 811 11284 4 -2 2
127 150 984 54770 -4 3 0
269 396 81 55742 -2 3 -4
672 850 625 61289 -2 3 3
42 898 713 9578 -2 -1 -2
209 581 819 27464 -1 -3 1
4 379 769 38297 4 2 -3
860 142 579 18108 0 0 1
567 504 613 23529 -2 2 2
944 202 202 35506 -2 3 -1
868 528 189 46312 2 2 -4
36 808 753 43944 2 -3 -3
648 890 754 46911 -1 4 2
500 46 788 57253 -2 -3 -3
33 363 497 48557 0 -4 -4
152 996 975 32740 2 -4 0
460 414 921 31612 -2 4 -3
50 748 556 48230 4 -4 3
43 39 2 19900 2 -2 4
647 538 159 50095 1 1 3
692 215 127 4792 -2 0 -1
285 429 343 47951 2 -3 3
971 949 289 4295 3 -1 4
743 144 829 24982 -1 -2 2
569 826 232 17893 -4 -1 -4
23 761 81 7077 2 2 4
367 677 234 47490 0 -3 -2
614 168 205 64790 1 0 0
346 726 994 692 -2 -4 -3
946 290 647 7978 2 -1 -2
593 857 627 27520 -3 2 3
512 90 412 8407 1 3 -4
274 355 641 47436 2 -4 3
338 566 770 13780 -2 -4 2
260 849 237 15941 3 4 -4
945 783 873 43562 4 1 -4
483 607 478 16661 0 -4 2
100 459 618 27038 -2 -1 -1
233 157 681 57701 -4 3 3
417 839 569 10315 3 -3 -3
847 431 462 61674 4 4 3
57 115 521 21501 3 4 3
951 231 21 43753 4 -4 4
98 325 81 31100 -3 3 -1
139 796 404 4098 0 -1 -4
970 862 812 15859 2 -3 1
904 176 483 31591 3 -1 3
499 911 127 27534 -2 3 -4
105 563 49 62140 -1 1 -2
291 375 955 54798 0 -3 -1
918 805 882 65238 -3 4 -2
93 574 126 38433 2 -1 4
74 814 713 17251 4 -4 4
88 919 710 44300 -4 -2 4
235 137 691 17153 -2 3 -2
925 291 710 39106 3 -4 -2
55 90 858 59602 2 1 2
633 685 789 20177 2 0 -2
250 868 503 31981 4 -4 4
949 120 967 13538 -3 -1 -4
981 865 560 53020 1 -4 -4
211 342 532 4940 3 -4 1
984 172 427 6506 -3 -1 1
398 830 63 22571 2 -1 -3
714 59 522 9759 1 -1 2
232 204 954 9899 1 -1 -2
278 159 262 18590 -1 4 3
723 324 272 30498 -1 -1 -4
457 365 747 56323 4 -4 0
701 703 653 59341 -2 2 -1
806 797 720 60748 2 2 -3
991 376 898 14827 2 4 2
559 506 10 36824 3 0 -1
0 378 109 12125 1 0 -1
989 426 67 36859 3 -3 4
532 122 281 5219 -1 0 4
254 350 131 26229 2 4 -2
81 603 720 33393 4 4 -4
415 296 825 50908 0 -3 2
297 32 134 52333 3 -3 3
708 595 999 51018 3 2 0
154 977 309 43131 2 4 2
266 563 860 36098 -4 3 3
285 930 990 19031 2 0 0
820 892 525 32968 -3 1 -4
136 360 618 61147 1 3 2
621 310 955 2248 -2 1 -3
437 853 8 52618 -4 3 2
97 827 126 27221 3 -4 -4
910 528 639 30830 -1 -3 1
577 890 976 45951 -3 0 -2
777 99 657 56246 -3 3 4
735 368 298 18344 -4 -1 -2
266 428 954 61072 1 -2 3
197 555 672 43670 3 1 -2
997 283 412 63631 2 1 1
334 439 334 4069 4 4 -4
354 761 762 22572 0 0 2
850 662 482 44159 2 2 1
15 506 851 52108 4 -3 -3
172 37 537 22187 3 -4 4
987 856 590 47077 -4 -4 3
511 69 517 28385 4 0 -2
300 506 638 33243 -4 -1 3
154 104 875 25743 3 -2 1
969 636 170 29588 3 -4 1
814 465 314 24278 -2 1 2
969 535 152 53389 -3 2 -2
109 631 673 33032 -4 0 -4
877 313 833 50350 2 1 1
793 468 156 50880 -1 -3 0
171 358 677 23308 -1 2 4
990 323 50 49348 4 2 -3
42 624 659 58095 1 0 2
238 551 976 29895 -2 -4 1
304 956 981 55131 -1 1 4
912 192 729 48358 -2 3 -2
174 207 718 22880 1 -2 -3
472 573 957 14534 -1 4 -1
496 418 141 56985 1 1 -4
393 485 948 56273 -2 2 1
898 160 562 23576 3 -4 4
902 10 480 55446 1 0 -3
708 723 938 3277 4 -1 2
220 905 690 35341 -3 2 -3
421 667 829 39023 2 -1 2
899 24 88 62434 -1 -2 2
969 710 373 47326 4 -2 3
279 94 649 14123 -2 4 1
742 330 86 10235 1 -3 -4
881 11 634 44373 1 4 -4
773 643 519 57398 0 -1 -2
139 259 63 9002 4 -4 3
705 404 733 11183 -2 3 4
435 87 853 35133 4 -2 3
837 562 89 38234 4 -2 4
911 557 829 1579 3 -4 4
522 605 443 2611 2 2 4
447 700 45 2146 -3 -1 2
589 386 353 46466 1 -4 1
506 107 92 16457 1 0 1
480 166 994 38386 -2 4 -2
484 317 312 46827 2 1 1
156 608 69 43985 1 1 1
295 569 559 41953 1 -2 1
340 925 743 1196 3 -4 -4
566 878 812 51946 -3 -2 -4
213 186 499 21450 1 3 3
141 342 639 50181 -1 -3 4
939 202 513 6095 2 -2 -3
571 346 683 24410 -4 4 1
421 972 226 21658 2 -3 -3
952 645 472 45606 1 -2 4
603 661 825 37270 -3 4 3
344 596 330 29371 -3 1 2
519 860 650 4204 -2 1 3
990 953 635 50495 -3 4 -4
937 570 976 52796 4 -2 2
800 492 609 43360 3 4 -1
735 304 873 39278 0 -4 3
349 751 530 4371 3 0 -2
302 625 79 32039 4 0 4
131 561 919 51371 0 1 -1
494 819 543 56269 0 -2 -4
639 643 438 46868 -1 -3 1
98 486 18 24640 2 2 4
10 505 179 4238 2 -3 -4
472 978 853 48726 2 3 0
272 516 86 26168 -4 4 4
553 197 932 55579 0 4 3
498 49 154 28357 0 -1 -4
325 784 428 61709 3 -2 -3
560 381 14 33697 -4 1 4
408 329 349 17969 -3 2 -3
914 585 775 19757 4 -2 -3
892 616 629 15937 -1 4 -3
515 395 833 1676 -4 -1 2
26 300 62 6026 -4 2 0
508 397 416 30391 4 -3 -3
320 826 518 12605 -2 4 4
546 908 853 5414 3 4 -4
432 534 807 50002 -3 3 3
815 984 696 7044 2 2 0
716 361 343 36381 2 -1 3
981 360 88 31511 3 -1 3
924 628 135 41468 2 -2 -2
996 163 466 18163 4 -3 1
234 332 290 53950 -3 -3 0
880 494 293 20125 2 1 0
475 323 738 63583 -2 -3 4
465 168 681 28765 3 4 3
535 14 464 49601 1 -4 -1
391 740 411 10959 0 2 0
793 439 281 48572 4 -3 -2
418 596 534 16859 -2 3 -4
800 67 674 33327 1 4 -4
132 949 529 53299 4 4 1
629 349 335 37142 1 1 -1
255 339 766 45689 3 -3 3
52 220 957 45124 2 -1 4
721 826 997 44421 1 -4 1
169 170 227 30078 1 3 0
660 883 616 4427 4 4 3
511 35 553 58163 3 -2 3
895 198 660 2232 -1 -3 2
503 887 254 14257 -4 -4 -1
929 396 44 61382 3 -3 3
855 747 854 10478 2 4 4
742 973 401 62262 -1 2 -1
899 422 484 29659 2 3 -2
71 923 603 31888 -2 -2 -2
952 12 504 41791 -2 -1 4
894 117 158 62700 -3 -3 -2
614 973 937 8593 0 -1 3
409 863 400 33032 0 2 0
458 356 127 42794 -4 -1 -2
128 341 446 49534 2 1 1
901 165 989 6299 -2 -3 -1
238 699 705 28608 -3 3 -3
348 461 17 57423 4 2 -3
538 128 139 16746 1 -1 -2
280 542 754 13701 -1 -2 -2
550 21 485 17892 -1 0 1
634 647 325 11519 1 2 3
630 191 63 28560 0 4 -1
142 492 930 18438 3 -2 -3
94 780 708 59156 0 1 -1
522 87 925 7037 -3 -1 3
548 296 986 35402 -2 -4 -4
512 956 589 32198 4 3 3
482 557 88 11152 -2 -3 -3
139 694 5 50046 -1 -1 -2
869 236 15 19017 -2 -3 -3
724 754 350 64468 2 -1 4
158 164 23 8273 -3 -2 3
410 260 790 25982 2 -1 -4
89 781 439 9942 4 -4 2
901 511 674 2258 3 3 -3
976 669 161 9982 -2 -2 -2
906 999 697 15924 0 4 2
567 986 486 51856 2 2 0
136 435 693 61589 -1 0 2
212 96 934 37588 -3 3 2
950 631 802 47208 -2 4 1
242 690 447 4985 -4 3 1
795 563 135 8691 1 2 -4
297 900 688 46525 0 0 0
114 69 428 36704 -4 3 -3
682 433 502 34605 0 0 0
151 235 960 39394 -1 4 -2
502 628 549 43911 4 3 -1
876 563 766 51974 -2 1 0
36 776 384 25983 -4 3 2
684 539 490 39235 -3 -2 -3
926 250 362 12132 2 -2 -2
758 853 944 314 -3 -4 -3
105 257 736 4454 3 4 1
595 710 265 61208 2 -3 -3
376 558 601 53262 -2 -2 0
38 227 14 2996 -1 4 2
554 669 407 25075 -1 -3 3
313 967 718 23156 0 -3 4
631 443 712 12431 1 -4 -2
513 628 96 19423 1 -4 2
641 69 481 6811 2 -4 -2
369 736 8 19778 -4 -4 3
733 414 187 19756 -1 -1 4
210 564 738 56035 0 -1 -3
401 945 325 51042 -2 4 -3
456 47 795 46034 2 -4 -2
840 882 155 56477 2 1 -2
505 946 366 13691 -3 3 -1
408 290 768 24185 -1 -4 -3
601 251 144 32354 -2 -3 4
435 447 448 31531 2 -4 -4
329 651 842 57146 -2 2 -4
164 664 43 46964 0 -1 -1
542 256 640 14176 1 -2 -3
510 428 846 31145 0 -3 1
556 250 125 27213 0 0 1
555 880 324 49663 0 0 -4
203 530 729 10730 2 0 -3
645 858 852 64996 4 -2 -1
513 344 730 21493 -3 0 -2
200 878 729 49115 4 -3 0
7 772 175 65082 4 -1 -4
440 626 902 21790 -3 -3 -1
123 804 751 13597 -1 0 3
448 392 69 19032 0 2 3
381 556 287 47692 -4 0 -3
983 718 259 8527 -2 -3 1
182 972 807 59905 -2 0 2
630 744 57 12062 2 0 3
760 628 186 10133 1 1 -2
865 639 833 63888 0 -2 -3
55 310 485 56733 -2 0 -4
412 555 893 64930 4 4 -4
789 428 550 42637 -4 -2 -4
241 914 924 17186 0 -1 4
264 554 281 35559 1 1 -2
499 763 506 13383 -4 3 -4
970 701 777 24719 1 0 3
186 417 55 37435 3 -3 3
237 89 247 45797 -4 0 1
211 999 784 55895 -4 4 -2
784 42 632 46195 -4 4 -3
225 441 231 39099 -1 4 4
894 617 835 29755 -3 -3 -4
53 315 213 7017 1 -2 3
780 641 6 11532 1 -1 -2
131 752 242 6533 -4 -2 3
756 463 71 38442 2 -4 2
491 989 174 40056 0 4 -1
970 738 841 40718 -4 -2 -4
766 838 42 46218 -2 3 3
488 461 135 48676 2 4 -4
356 113 435 63055 -4 3 0
110 702 257 53600 -1 1 -3
171 299 904 40489 4 0 -4
784 582 850 57176 3 -4 4
319 192 818 13588 2 -3 -4
463 215 619 64405 -3 -3 2
709 680 595 7048 -4 -4 2
820 446 413 51404 1 -3 -4
424 250 448 14080 3 -3 2
804 872 647 27427 -4 -4 1
709 848 254 16330 -1 4 2
859 350 229 22431 -3 1 3
177 906 568 30882 1 -3 -3
303 987 470 61467 -1 -2 -1
3 440 271 42536 4 3 0
816 376 541 53731 -1 -4 0
226 765 399 57884 -3 1 4
532 688 408 52403 3 -1 3
239 51 372 27122 0 2 -1
780 522 493 4157 4 3 1
976 509 387 10458 -1 3 2
649 458 668 44717 2 4 -4
174 658 14 8926 0 1 -1
554 735 315 39646 -2 -2 0
507 546 964 47203 4 4 1
33 842 348 10451 -4 -2 1
446 149 937 52821 -4 -2 -4
221 42 43 6423 3 2 0
386 870 97 12221 -4 -4 1
824 117 766 11602 1 -3 -3
259 186 109 43369 -3 -1 3
495 702 417 59700 -4 -4 -3
874 523 306 60380 2 -2 -2
163 817 234 63507 4 3 0
893 818 442 50320 -3 -3 1
692 302 944 30011 2 -2 3
101 526 748 2199 3 -2 4
796 809 445 3911 -1 -4 -3
912 32 552 44845 1 -4 -4
560 250 927 16716 0 4 3
557 584 48 52394 -4 -4 -3
513 554 277 27269 -2 -4 3
342 754 326 39862 2 1 1
342 225 777 8102 1 3 -3
380 575 946 54106 2 -4 2
623 142 990 19664 -4 1 -1
412 693 825 52946 2 3 3
587 382 124 1705 2 3 -4
786 606 337 32999 -3 2 -3
46 630 109 50085 1 -2 3
173 70 658 33801 0 3 -4
564 986 52 39999 1 -4 1
327 430 967 8138 -2 0 2
571 292 794 29057 0 -3 2
400 707 147 50149 -2 4 4
893 992 850 33817 3 -1 -1
347 431 744 32418 3 -4 3
898 368 477 9365 -2 3 3
287 879 780 44607 -2 -2 2
363 436 124 10209 1 -4 -3
759 229 27 37618 0 -2 4
873 835 329 55052 0 1 -4
215 782 88 19367 -4 4 -2
247 500 155 7122 -3 -4 -2
717 958 638 34468 -3 3 -2
199 140 770 51712 2 -2 -2
882 610 494 9658 -3 3 -2
53 802 847 56940 -2 -4 1
591 986 538 13764 4 4 -1
483 545 422 16530 -2 -2 -1
365 996 655 64879 0 0 -3
350 83 2 49667 -1 0 1
892 205 21 32867 0 -1 1
488 439 983 60803 2 -2 3
726 302 465 49643 4 0 0
608 622 388 24766 1 3 4
295 240 768 41100 0 4 -3
341 53 223 28581 -1 -2 3
533 316 510 20915 4 0 0
972 800 40 52892 -1 -1 -3
831 171 899 7527 -2 -4 -4
561 512 746 5134 3 0 -1
762 528 587 4863 -3 -1 3
166 129 256 28594 -1 4 -2
55 429 608 9479 -1 -3 4
715 878 737 49708 1 1 -2
308 805 317 55358 2 -3 -1
881 707 623 37999 -4 -3 4
118 527 607 23565 4 -2 4
908 74 130 4696 3 0 4
46 55 839 32506 -4 -1 3
897 765 197 62450 4 -4 3
661 403 418 27731 1 1 -2
591 944 69 50196 0 3 -1
26 123 784 49384 -4 -2 1
94 484 259 31143 -3 -3 0
74 981 2 15719 4 2 0
20 501 874 46907 1 2 1
167 847 643 62241 -2 -4 2
204 107 396 47562 2 -2 -2
193 817 762 50867 -2 2 -4
887 240 572 52203 -3 2 4
538 742 38 64185 1 0 3
263 814 867 19147 -2 1 -1
865 624 406 37498 -3 3 -4
591 988 679 60711 -1 -2 2
969 697 313 12259 4 -3 2
732 386 166 59379 1 2 -3
473 1 579 49898 3 1 3
418 857 73 19570 1 -1 0
425 707 635 13970 -1 1 1
548 653 873 62225 3 0 -3
591 777 91 17200 -4 1 4
108 360 151 7038 -1 -3 2
415 681 433 63336 4 -3 0
146 370 896 46942 4 4 -1
414 161 604 60765 -3 2 -4
69 69 176 3073 -2 0 2
999 257 296 16110 -4 -1 4
679 502 249 19929 0 -4 1
247 916 847 54813 -4 -2 -3
16 498 440 1837 3 -3 -3
349 296 21 46836 4 -4 2
196 751 777 59955 0 1 -4
830 172 925 64901 0 0 3
518 576 461 46358 -4 -3 1
994 870 289 47192 0 -2 2
424 332 863 55028 1 4 0
392 18 900 55334 2 -4 3
983 950 447 59309 2 0 1
304 162 62 47811 1 1 3
902 366 743 49110 3 2 -2
837 950 498 26045 2 -4 1
512 576 808 63743 -4 4 -1
108 163 736 8252 1 2 -2
709 854 114 15964 2 -3 -4
270 168 941 3707 -4 2 -1
440 189 493 62008 -3 -4 3
347 908 852 24879 -4 2 -3
101 92 339 37626 -1 -4 -1
519 16 769 34965 2 -1 3
655 501 290 61503 -4 3 2
512 788 607 50683 0 -4 4
471 752 591 52780 3 -3 -1
143 736 565 29102 3 2 -2
289 396 404 33256 1 2 3
292 829 199 40140 3 1 4
665 322 386 26673 -3 3 -4
271 908 500 49902 2 2 4
749 400 935 20310 -2 3 2
46 386 430 12834 1 3 -4
185 492 214 30379 1 1 -1
241 930 753 46720 -2 -1 -1
186 672 762 32375 -3 4 -3
221 389 660 24564 3 -3 -1
992 424 509 17593 4 -4 0
83 27 720 49156 3 -4 -1
499 80 170 28454 4 0 -4
176 982 651 35614 2 4 -1
147 457 32 49851 1 2 4
503 616 753 38706 -3 3 3
305 652 803 24117 2 -2 1
836 258 520 20868 2 1 4
964 538 132 135 4 3 -3
582 58 328 45397 3 4 -1
23 259 990 20256 -2 2 1
995 472 32 39887 -1 -1 -4
675 428 958 19447 -4 -4 -4
667 960 761 20433 1 4 3
397 875 413 57540 -1 4 4
398 902 938 43521 0 -4 -4
456 228 125 26179 -4 2 -2
679 230 577 16690 -4 -2 3
913 132 337 60518 -3 1 4
493 507 536 60843 -4 1 -3
135 149 918 42775 4 4 -4
738 830 197 45041 4 -1 -3
955 465 415 24756 2 -3 -4
956 856 614 43633 2 -2 3
476 976 738 28619 0 1 2
855 403 277 56585 3 1 1
998 601 127 51714 -3 -1 -1
367 647 353 11107 2 -4 0
218 469 226 35774 4 2 0
924 972 860 41603 0 0 -4
664 964 736 48327 1 -4 3
984 109 495 20528 0 -1 4
260 520 856 24175 -2 -3 -3
788 46 183 48840 3 0 -2
449 532 216 50594 1 1 0
63 871 154 12655 1 4 -3
90 202 131 18110 -2 -4 -4
65 70 411 1061 3 -2 -3
191 989 760 17456 -3 -2 -3
370 633 291 60209 -4 -3 -4
190 799 288 4072 -3 3 1
428 759 220 55245 4 -2 2
1 929 319 54840 4 3 -4
143 409 347 61122 1 -1 4
603 788 540 37505 -1 4 1
941 952 112 40369 -1 0 -1
244 315 969 30062 -3 0 0
514 721 327 63297 -4 0 -1
876 666 231 23360 3 -4 -2
42 304 403 57551 0 2 -2
672 847 975 43101 1 -2 2
758 586 953 27728 0 2 -2
789 308 861 39657 0 1 4
428 215 475 11230 4 2 3
481 745 566 7457 0 -2 1
458 838 585 63528 2 -2 2
83 172 177 18504 -1 -3 -1
806 482 91 8138 2 -2 -3
922 148 918 28123 -4 1 -3
189 378 979 9151 4 3 -2
993 455 407 1340 -2 2 -1
811 975 895 7513 4 2 -4
212 257 317 14126 0 1 -3
3 72 149 53632 2 3 4
18 397 55 28763 -4 4 -4
184 400 93 58435 4 1 4
537 974 873 63901 3 3 1
341 777 828 58712 4 3 0
3 810 80 58206 3 -1 -1
764 303 177 16612 -1 -2 2
782 258 964 1496 4 0 3
168 379 361 349 -4 -3 0
710 519 446 55250 -1 4 4
241 366 825 15437 -4 -2 3
724 625 305 56083 -3 -3 -1
469 459 304 42621 -2 1 -1
51 207 408 29850 -2 1 -3
760 85 268 33242 1 1 -1
121 800 369 20669 4 1 0
662 295 235 39787 4 -4 -2
649 557 323 25252 2 -2 3
195 290 642 60427 -3 0 2
179 60 77 26940 0 -3 -4
638 824 554 48204 4 -3 2
578 681 904 62083 -3 -3 2
707 311 94 10478 3 -2 3
329 703 279 20804 0 -3 -2
975 154 10 29094 0 0 3
450 353 698 2220 -1 4 3
978 533 238 64413 -4 3 0
799 773 558 63728 0 0 -1
591 546 149 62198 0 2 -2
679 723 799 9313 1 -2 1
816 803 820 22130 2 1 -3
533 95 827 46884 -3 1 -3
48 927 802 3975 -1 3 1
525 463 442 13964 0 1 3
319 442 546 47239 0 -2 1
581 777 169 39979 4 4 0
92 438 612 60020 -2 -4 3
190 70 392 9635 -2 3 -1
423 779 957 11359 4 -1 1
818 222 568 56344 -4 -1 1
871 789 18 5731 -1 0 -2
944 749 938 29894 4 3 0
704 869 474 65200 -4 2 1
222 639 157 57273 -2 4 3
213 166 364 10853 -3 -3 0
183 717 560 57920 4 -3 -3
286 533 168 41671 1 -3 -4
404 778 46 28138 2 -4 0
279 633 868 21221 3 -3 1
755 319 34 63483 2 1 4
207 797 89 2982 0 0 3
85 604 660 17713 -2 2 3
800 613 191 33215 0 -3 0
46 996 558 53409 -1 4 -2
56 891 567 14279 3 1 0
19 619 298 47672 -3 1 4
606 16 118 50454 3 2 2
228 73 818 17034 -3 -4 0
737 673 576 6873 -2 -2 4
253 505 870 38064 1 -2 4
347 127 731 60689 4 0 -3
478 510 957 44834 3 4 -3
358 503 465 239 2 -4 -1
94 537 354 25947 3 -3 2
518 745 109 18058 3 -3 3
721 41 939 64695 0 0 3
191 23 294 13477 3 -2 2
759 153 590 197 -1 3 2
789 872 933 36795 4 0 -4
843 586 753 9348 4 0 -2
882 940 428 58018 1 3 4
545 834 972 43793 -3 -1 -1
734 210 415 1659 2 4 0
53 94 60 6544 2 -2 -1
11 857 631 22790 4 -3 -2
816 134 295 11441 1 1 3
12 886 177 42546 2 -4 4
884 645 156 12593 -3 3 4
124 381 349 45799 -4 -1 -2
91 391 53 46627 -4 -2 -2
847 673 287 33651 -2 -3 0
8 760 931 53932 2 1 2
849 655 718 32029 2 1 3
978 399 546 14901 -4 4 -4
669 4 597 53028 0 -2 4
589 700 389 58645 -4 1 -1
218 112 727 31131 4 2 3
508 865 260 40135 1 -2 -2
408 110 589 62733 4 0 -2
792 774 728 11605 1 -1 -2
286 143 876 3864 1 0 -3
727 402 75 43124 2 -3 3
236 494 687 34924 -3 -1 4
719 166 722 20463 -4 4 -3
766 921 278 11901 2 1 0
671 111 241 43055 2 -3 -4
132 4 414 62577 -2 3 -2
455 730 791 55054 1 2 -1
837 316 337 21651 -1 0 1
5 123 622 29549 -1 -3 -4
451 883 415 48783 -3 3 -1
739 282 22 37106 -1 0 -1
909 382 462 6026 -1 3 0
640 768 62 52118 1 1 -2
829 603 103 16272 0 -2 1
726 699 872 26905 -3 0 3
994 763 381 9351 1 1 3
196 995 54 59053 -3 4 -4
358 856 510 58083 2 -2 -4
946 483 683 15680 -4 0 -3
515 153 150 8173 1 1 -4
61 78 469 39778 -3 4 -1
189 344 634 9148 4 -1 4
660 461 555 1678 3 -2 -2
830 497 121 47337 1 1 -2
918 506 675 47931 -4 2 2
10 669 740 15248 4 -3 -1
566 574 835 4875 1 3 3
683 332 168 34897 2 4 2
831 264 122 19957 1 2 3
707 294 22 30701 2 -1 -1
681 193 17 45087 1 3 2
155 947 364 17527 0 -1 -2
461 878 971 38493 1 -1 4
265 595 827 37540 0 3 3
205 317 959 62110 -1 0 -3
630 885 664 24442 0 -4 -2
817 264 385 1518 0 3 3
637 154 22 1398 -4 -4 -3
991 51 267 2876 2 2 -2
583 907 271 20445 -4 3 -2
329 667 680 65018 -2 1 -4
426 127 404 5903 -2 -3 -4
735 628 543 10942 1 4 -4
104 389 412 38959 -1 -1 -1
441 675 604 12570 3 4 2
274 702 46 44725 -1 -4 2
463 229 786 51926 -4 2 -4
888 140 254 22792 -4 3 0
178 405 284 62603 4 -1 2
423 876 659 7401 -3 1 4
760 859 571 54895 -1 -4 -2
945 38 401 40778 4 3 -2
413 673 562 11991 1 0 -4
159 790 305 38686 1 3 2
597 373 86 37950 0 3 2
673 718 411 41282 -3 3 1
288 468 39 10013 -4 0 -2
924 151 559 16612 -2 2 4
959 532 2 16453 -1 -4 -1
842 802 256 54627 -2 1 1
630 832 346 47318 2 -3 1
145 690 967 46774 -2 2 3
486 743 876 47061 0 -3 -3
885 672 677 23919 0 4 -4
347 953 432 22081 0 2 0
789 515 570 29223 -3 0 1
398 417 215 27460 3 3 -3
140 322 740 28410 -1 -1 4
821 55 700 23720 1 0 3
498 614 745 10104 2 -3 0
38 206 636 6196 -4 -3 1
487 646 57 1940 0 1 1
667 567 111 2296 3 -2 2
983 647 507 30522 -1 0 3
94 920 401 2988 2 -4 3
453 592 296 64453 1 4 -2
559 151 927 41307 -4 3 2
693 202 428 15940 -1 1 3
815 892 984 11421 -2 -1 3
643 774 18 64512 -4 -4 3
957 21 662 58716 4 -1 0
595 980 515 28896 -3 -3 0
383 231 531 63790 0 -2 -2
639 253 206 60266 3 1 -4
746 891 824 18311 3 2 4
789 428 371 35504 -4 -2 -2
942 181 396 52510 0 -1 -4
239 147 336 63199 -3 -4 2
131 119 244 3029 3 -3 -2
627 908 856 16816 -1 0 3
449 465 232 1519 1 -4 -1
411 260 650 51450 4 0 -4
511 233 43 12746 -4 3 2
418 60 156 26533 -2 4 -2
9 943 669 48698 -1 3 -4
759 234 327 26890 4 2 -2
605 19 54 54292 -2 2 -4
660 440 686 61431 -4 0 2
469 911 642 5886 -3 3 -3
967 917 194 9254 -3 0 2
997 202 125 4938 3 -3 -3
178 980 236 63110 -4 2 3
921 470 746 1543 3 -3 -1
940 403 566 40484 -1 1 -2
823 985 939 25972 4 3 3
112 947 196 53602 2 2 3
699 60 750 41797 -4 2 -2
615 236 993 33780 1 4 1
664 23 858 6616 0 -1 -2
899 565 435 21084 -4 1 0
791 768 487 20715 -1 0 -3
710 734 236 5398 3 0 -3
315 493 402 56987 4 -2 -4
877 762 128 32448 1 -4 -4
840 898 147 8039 2 -1 4
495 224 642 14310 3 2 3
634 812 118 18069 0 -1 0
173 484 100 17322 3 -2 1
574 495 23 16958 -1 0 -4
60 157 224 52124 0 -1 4
692 449 702 38862 -3 -3 3
270 44 260 803 3 0 4
127 940 81 22117 0 3 1
180 627 568 50049 -4 4 -1
869 363 671 22034 -2 0 -2
129 545 220 63975 3 -2 4
821 192 448 13836 4 -2 0
271 986 172 60515 -4 -2 1
453 885 249 3706 -2 2 4
764 645 181 773 0 -3 3
483 585 895 51537 1 1 -2
261 225 959 60092 -1 -1 0
528 224 436 8357 1 1 2
710 310 596 54211 -2 2 0
202 234 69 55917 2 -3 -4
948 307 652 23089 -1 2 3
95 94 484 36535 -2 4 2
429 958 668 5667 2 4 0
927 745 391 26593 4 -3 -3
150 776 861 9034 4 -4 1
968 476 104 3831 -1 -3 -2
242 861 403 46047 2 4 -2
439 687 185 14454 4 1 1
763 740 367 41817 2 -1 -4
303 446 22 56447 4 2 4
197 419 782 59847 3 1 2
451 609 681 15474 -3 1 -1
81 498 512 59476 -1 -3 -2
458 812 825 56521 1 2 2
884 678 776 48706 3 -2 -1
81 447 40 14732 -1 2 -3
353 291 791 14994 4 -2 0
731 535 444 63085 1 1 -3
957 470 391 59281 -3 2 -3
598 429 501 40623 3 -4 -2
285 966 394 3654 4 4 0
750 489 759 21793 -2 0 -1
723 473 732 46376 -4 4 -4
444 643 853 40218 -1 -3 -3
654 599 341 2035 3 3 -3
174 921 58 53652 2 -3 -1
138 373 835 61445 0 4 -3
494 43 823 39370 -2 3 4
464 734 109 62302 3 0 -4
602 187 339 3168 2 -1 1
223 919 161 24321 4 -1 4
843 915 172 54241 4 1 0
998 375 15 45446 -4 -3 -2
146 927 989 42484 -1 -4 2
927 431 280 25654 -1 2 2
995 141 790 40790 -3 -4 0
368 662 210 46366 3 3 4
851 701 112 52942 4 -3 1
447 486 327 52406 -4 -3 2
620 401 92 23567 2 1 0
303 549 36 50191 -4 -3 -2
602 175 273 1805 -3 3 -4
209 191 254 28089 4 1 0
947 540 260 21023 -3 0 -3
540 586 691 14739 -2 -4 -3
700 325 960 64670 1 -3 4
80 971 615 23154 2 -4 4
544 154 682 16923 3 1 -4
340 646 944 488 0 0 2
73 714 942 25133 -3 3 -4
243 489 238 22187 3 0 4
327 426 264 61255 1 -2 -4
275 241 772 59711 -2 4 0
825 703 922 37050 -1 3 -1
160 472 802 3187 -2 3 -2
125 246 396 32876 -1 3 4
253 607 37 64304 0 0 -2
441 229 46 38202 0 -1 -2
53 889 539 48861 -2 2 4
26 381 751 55992 -1 -4 -2
652 807 632 42345 2 2 1
968 831 336 30569 1 -4 4
697 54 543 65254 -1 2 1
657 423 988 33380 1 -2 -4
136 238 496 17076 4 -2 -3
165 150 238 28877 -4 -4 -2
393 660 921 42754 -3 -2 3
10 898 861 21628 -4 1 1
829 293 948 57637 -3 1 2
929 277 206 3270 0 -4 3
760 370 825 8953 -4 4 4
449 914 789 65531 1 3 -3
485 203 239 7019 -4 -4 4
380 336 442 27613 -1 -4 -2
392 93 391 14656 4 4 -1
198 667 901 6711 -1 0 -4
746 692 642 19328 -2 0 2
744 773 235 37284 -2 3 4
74 326 246 6410 3 0 2
586 558 923 15624 3 4 -4
160 867 594 58722 -2 4 4
808 469 445 36120 4 3 -1
703 358 167 47137 -2 2 4
807 754 213 30098 -1 0 3
539 666 18 64987 0 1 3
149 200 504 58501 1 4 -2
264 630 891 335 -3 -1 -3
377 175 44 63137 -3 0 1
242 99 869 19205 -4 3 -1
354 851 846 7752 -1 1 0
73 651 675 7641 3 -4 -3
975 328 105 4000 -1 -3 -2
785 112 876 13059 0 3 -4
680 985 697 61522 1 -3 -4
240 245 56 12825 -4 3 1
531 2 659 27802 -4 3 0
538 618 804 23163 0 -1 -3
293 482 215 1429 1 -1 3
657 160 306 64305 -2 4 -1
655 446 917 51970 0 2 -4
482 45 310 36524 -4 3 -2
98 851 46 59567 4 1 -1
801 878 485 36746 -2 2 -4
797 154 327 11012 0 -2 1
400 173 90 8962 4 1 4
585 867 950 53195 0 -1 4
51 610 200 58901 0 -1 3
879 476 779 5428 0 4 4
934 703 822 52542 3 1 1
798 313 176 39311 2 -3 0
898 475 550 38069 -3 1 4
277 787 226 52373 0 -1 1
598 816 314 17892 -1 1 -3
99 49 492 2817 0 2 2
894 498 755 65232 -3 -2 -4
762 407 304 56448 -2 -1 -1
162 887 734 19536 1 -4 -2
574 537 215 54665 0 1 4
652 727 259 8538 -3 1 -3
551 24 487 29394 -2 2 3
330 673 959 6644 -1 1 4
616 94 248 30807 4 -3 -4
569 523 491 47429 3 -2 -1
181 116 513 9548 -2 -1 -4
924 496 160 52078 2 0 -2
434 165 702 10827 -1 -4 0
242 118 810 48915 2 -4 4
597 403 207 33242 4 -2 3
12 72 965 59080 -2 -2 -1
442 597 640 32588 0 0 1
373 997 225 50551 0 -3 0
461 41 218 61146 0 -3 -2
317 497 403 26993 0 1 1
490 197 808 42084 4 -1 4
260 495 440 60153 -3 -3 -4
312 405 82 57269 0 -1 -4
244 77 76 10017 -1 -3 3
144 903 508 49058 -3 4 1
599 470 78 40580 -4 3 0
810 888 446 19746 -4 1 -2
92 181 487 22184 -4 -3 2
185 747 492 64233 1 -2 -1
456 21 937 7319 -1 -3 -2
457 238 761 59755 1 -3 -1
123 439 692 42280 0 0 3
935 96 858 62072 1 0 4
198 54 820 55150 4 2 2
567 772 977 58216 -1 0 4
840 1 88 84 4 0 -2
765 961 492 40596 0 4 -2
604 404 325 62875 -3 4 -1
887 902 871 64686 -2 3 -1
741 643 178 37750 0 -1 0
438 48 134 9155 0 -2 -4
770 681 780 50678 -1 -2 -2
896 603 339 5583 -1 0 -3
885 115 125 66 -3 0 -4
404 922 810 10706 -1 4 -1
683 627 5 32549 -2 0 3
745 596 709 31610 -1 0 4
57 963 71 20718 3 -4 3
189 852 833 40585 4 -3 4
97 644 537 12284 3 -2 -4
579 32 414 41613 -3 -1 -3
180 524 504 65013 0 2 4
917 124 157 34955 3 -2 3
103 690 840 37240 -4 4 -1
606 271 566 32914 2 2 4
636 456 590 24168 1 3 1
819 22 994 1808 3 2 -1
475 197 600 61770 4 1 -1
223 169 463 1933 -1 2 -3
800 10 286 65013 -1 3 4
798 323 715 29809 2 0 -4
196 564 253 39360 4 -4 -1
650 997 85 16841 3 -3 4
662 577 478 30047 -4 2 -4
757 345 561 57131 -4 -2 -4
717 690 582 46026 2 4 0
17 392 892 64723 -2 -3 -1
259 525 2 401 4 4 0
394 949 340 62336 -2 -4 2
314 531 936 60295 0 -2 2
828 57 587 58869 3 1 -3
894 457 164 34561 3 1 0
790 351 515 33560 4 3 -2
946 461 452 40252 -1 -1 4
918 610 645 57210 -2 -1 2
820 65 864 4058 -1 -1 -1
209 548 997 36311 -3 -3 3
904 72 928 26274 -1 1 -2
230 472 163 42884 -4 -4 3
101 745 542 31257 3 -1 1
685 436 910 38054 -1 -3 -1
939 124 486 62843 -4 2 -2
434 499 213 42736 -4 -3 0
406 888 410 19267 -1 1 -4
444 712 472 14665 -1 -3 4
188 995 974 44271 -2 4 4
20 226 73 35782 4 -1 1
49 366 338 43031 -3 3 1
592 405 447 26253 -4 -4 -3
321 7 246 27093 -3 -4 -3
825 32 664 44917 -1 2 3
984 375 529 553 3 4 0
699 320 155 42340 4 2 -2
547 226 903 45324 1 -2 -1
939 74 719 14093 3 -4 -3
366 472 22 9774 -2 4 -4
292 771 928 26647 -2 -1 4
168 38 668 53235 1 1 0
850 426 666 64101 1 -4 4
607 472 925 43789 2 2 0
143 850 116 11763 -4 2 1
712 832 414 36713 -4 0 2
838 358 884 9000 -1 2 0
285 639 792 1988 2 -4 0
