512 400000 1000 1000 1000 4 65536
383 886 777 18547 1 3 -3
492 649 421 22714 0 1 3
763 926 540 25282 3 -3 4
368 567 429 3958 4 4 0
67 135 929 1946 -4 -1 1
167 393 456 12451 3 2 -4
421 919 784 23273 1 -2 -2
370 413 526 30363 4 4 -4
862 170 996 34369 2 -4 1
327 336 505 51262 -1 0 -2
124 895 582 24321 -2 2 -2
364 43 750 55183 2 2 4
788 584 403 1787 4 -3 2
60 676 368 32731 -3 3 -4
94 539 795 9978 -2 -3 4
601 97 902 61445 -4 3 -2
301 280 286 43105 2 1 -3
619 440 729 46607 0 2 -2
481 675 709 24047 -1 3 1
353 586 965 36810 -2 1 -2
528 871 732 38589 -1 -2 -4
368 708 715 50532 -1 2 -2
618 245 846 9035 0 -2 -2
488 764 228 51729 1 -3 0
34 764 124 4594 1 4 2
491 227 365 3811 3 0 -2
437 228 275 367 -1 3 4
395 29 237 14091 3 1 -2
143 11 928 28713 -2 -3 3
763 613 538 59214 3 3 0
128 688 369 23629 -2 -4 -2
743 470 183 50682 1 -3 -2
644 590 505 64043 -2 3 -1
82 542 464 8629 -1 -4 0
348 611 622 20628 1 -1 0
568 340 422 27471 -3 2 3
661 730 878 46505 -1 4 3
626 522 465 50772 -3 2 -2
924 637 62 44568 -4 -1 4
899 379 550 22348 4 2 4
881 930 933 59398 3 -1 3
981 899 996 40575 2 -3 -4
190 95 926 56882 -2 2 3
684 376 542 11808 0 2 2
179 418 887 8964 0 -3 -1
9 336 210 43910 1 -1 2
713 372 321 26727 4 0 -4
904 939 811 11284 4 -2 2
127 150 984 54770 -4 3 0
269 396 81 55742 -2 3 -4
672 850 625 61289 -2 3 3
42 898 713 9578 -2 -1 -2
209 581 819 27464 -1 -3 1
4 379 769 38297 4 2 -3
860 142 579 18108 0 0 1
567 504 613 23529 -2 2 2
944 202 202 35506 -2 3 -1
868 528 189 46312 2 2 -4
36 808 753 43944 2 -3 -3
648 890 754 46911 -1 4 2
500 46 788 57253 -2 -3 -3
33 363 497 48557 0 -4 -4
152 996 975 32740 2 -4 0
460 414 921 31612 -2 4 -3
50 748 556 48230 4 -4 3
43 39 2 19900 2 -2 4
647 538 159 50095 1 1 3
692 215 127 4792 -2 0 -1
285 429 343 47951 2 -3 3
971 949 289 4295 3 -1 4
743 144 829 24982 -1 -2 2
569 826 232 17893 -4 -1 -4
23 761 81 7077 2 2 4
367 677 234 47490 0 -3 -2
614 168 205 64790 1 0 0
346 726 994 692 -2 -4 -3
946 290 647 7978 2 -1 -2
593 857 627 27520 -3 2 3
512 90 412 8407 1 3 -4
274 355 641 47436 2 -4 3
338 566 770 13780 -2 -4 2
260 849 237 15941 3 4 -4
945 783 873 43562 4 1 -4
483 607 478 16661 0 -4 2
100 459 618 27038 -2 -1 -1
233 157 681 57701 -4 3 3
417 839 569 10315 3 -3 -3
847 431 462 61674 4 4 3
57 115 521 21501 3 4 3
951 231 21 43753 4 -4 4
98 325 81 31100 -3 3 -1
139 796 404 4098 0 -1 -4
970 862 812 15859 2 -3 1
904 176 483 31591 3 -1 3
499 911 127 27534 -2 3 -4
105 563 49 62140 -1 1 -2
291 375 955 54798 0 -3 -1
918 805 882 65238 -3 4 -2
93 574 126 38433 2 -1 4
74 814 713 17251 4 -4 4
88 919 710 44300 -4 -2 4
235 137 691 17153 -2 3 -2
925 291 710 39106 3 -4 -2
55 90 858 59602 2 1 2
633 685 789 20177 2 0 -2
250 868 503 31981 4 -4 4
949 120 967 13538 -3 -1 -4
981 865 560 53020 1 -4 -4
211 342 532 4940 3 -4 1
984 172 427 6506 -3 -1 1
398 830 63 22571 2 -1 -3
714 59 522 9759 1 -1 2
232 204 954 9899 1 -1 -2
278 159 262 18590 -1 4 3
723 324 272 30498 -1 -1 -4
457 365 747 56323 4 -4 0
701 703 653 59341 -2 2 -1
806 797 720 60748 2 2 -3
991 376 898 14827 2 4 2
559 506 10 36824 3 0 -1
0 378 109 12125 1 0 -1
989 426 67 36859 3 -3 4
532 122 281 5219 -1 0 4
254 350 131 26229 2 4 -2
81 603 720 33393 4 4 -4
415 296 825 50908 0 -3 2
297 32 134 52333 3 -3 3
708 595 999 51018 3 2 0
154 977 309 43131 2 4 2
266 563 860 36098 -4 3 3
285 930 990 19031 2 0 0
820 892 525 32968 -3 1 -4
136 360 618 61147 1 3 2
621 310 955 2248 -2 1 -3
437 853 8 52618 -4 3 2
97 827 126 27221 3 -4 -4
910 528 639 30830 -1 -3 1
577 890 976 45951 -3 0 -2
777 99 657 56246 -3 3 4
735 368 298 18344 -4 -1 -2
266 428 954 61072 1 -2 3
197 555 672 43670 3 1 -2
997 283 412 63631 2 1 1
334 439 334 4069 4 4 -4
354 761 762 22572 0 0 2
850 662 482 44159 2 2 1
15 506 851 52108 4 -3 -3
172 37 537 22187 3 -4 4
987 856 590 47077 -4 -4 3
511 69 517 28385 4 0 -2
300 506 638 33243 -4 -1 3
154 104 875 25743 3 -2 1
969 636 170 29588 3 -4 1
814 465 314 24278 -2 1 2
969 535 152 53389 -3 2 -2
109 631 673 33032 -4 0 -4
877 313 833 50350 2 1 1
793 468 156 50880 -1 -3 0
171 358 677 23308 -1 2 4
990 323 50 49348 4 2 -3
42 624 659 58095 1 0 2
238 551 976 29895 -2 -4 1
304 956 981 55131 -1 1 4
912 192 729 48358 -2 3 -2
174 207 718 22880 1 -2 -3
472 573 957 14534 -1 4 -1
496 418 141 56985 1 1 -4
393 485 948 56273 -2 2 1
898 160 562 23576 3 -4 4
902 10 480 55446 1 0 -3
708 723 938 3277 4 -1 2
220 905 690 35341 -3 2 -3
421 667 829 39023 2 -1 2
899 24 88 62434 -1 -2 2
969 710 373 47326 4 -2 3
279 94 649 14123 -2 4 1
742 330 86 10235 1 -3 -4
881 11 634 44373 1 4 -4
773 643 519 57398 0 -1 -2
139 259 63 9002 4 -4 3
705 404 733 11183 -2 3 4
435 87 853 35133 4 -2 3
837 562 89 38234 4 -2 4
911 557 829 1579 3 -4 4
522 605 443 2611 2 2 4
447 700 45 2146 -3 -1 2
589 386 353 46466 1 -4 1
506 107 92 16457 1 0 1
480 166 994 38386 -2 4 -2
484 317 312 46827 2 1 1
156 608 69 43985 1 1 1
295 569 559 41953 1 -2 1
340 925 743 1196 3 -4 -4
566 878 812 51946 -3 -2 -4
213 186 499 21450 1 3 3
141 342 639 50181 -1 -3 4
939 202 513 6095 2 -2 -3
571 346 683 24410 -4 4 1
421 972 226 21658 2 -3 -3
952 645 472 45606 1 -2 4
603 661 825 37270 -3 4 3
344 596 330 29371 -3 1 2
519 860 650 4204 -2 1 3
990 953 635 50495 -3 4 -4
937 570 976 52796 4 -2 2
800 492 609 43360 3 4 -1
735 304 873 39278 0 -4 3
349 751 530 4371 3 0 -2
302 625 79 32039 4 0 4
131 561 919 51371 0 1 -1
494 819 543 56269 0 -2 -4
639 643 438 46868 -1 -3 1
98 486 18 24640 2 2 4
10 505 179 4238 2 -3 -4
472 978 853 48726 2 3 0
272 516 86 26168 -4 4 4
553 197 932 55579 0 4 3
498 49 154 28357 0 -1 -4
325 784 428 61709 3 -2 -3
560 381 14 33697 -4 1 4
408 329 349 17969 -3 2 -3
914 585 775 19757 4 -2 -3
892 616 629 15937 -1 4 -3
515 395 833 1676 -4 -1 2
26 300 62 6026 -4 2 0
508 397 416 30391 4 -3 -3
320 826 518 12605 -2 4 4
546 908 853 5414 3 4 -4
432 534 807 50002 -3 3 3
815 984 696 7044 2 2 0
716 361 343 36381 2 -1 3
981 360 88 31511 3 -1 3
924 628 135 41468 2 -2 -2
996 163 466 18163 4 -3 1
234 332 290 53950 -3 -3 0
880 494 293 20125 2 1 0
475 323 738 63583 -2 -3 4
465 168 681 28765 3 4 3
535 14 464 49601 1 -4 -1
391 740 411 10959 0 2 0
793 439 281 48572 4 -3 -2
418 596 534 16859 -2 3 -4
800 67 674 33327 1 4 -4
132 949 529 53299 4 4 1
629 349 335 37142 1 1 -1
255 339 766 45689 3 -3 3
52 220 957 45124 2 -1 4
721 826 997 44421 1 -4 1
169 170 227 30078 1 3 0
660 883 616 4427 4 4 3
511 35 553 58163 3 -2 3
895 198 660 2232 -1 -3 2
503 887 254 14257 -4 -4 -1
929 396 44 61382 3 -3 3
855 747 854 10478 2 4 4
742 973 401 62262 -1 2 -1
899 422 484 29659 2 3 -2
71 923 603 31888 -2 -2 -2
952 12 504 41791 -2 -1 4
894 117 158 62700 -3 -3 -2
614 973 937 8593 0 -1 3
409 863 400 33032 0 2 0
458 356 127 42794 -4 -1 -2
128 341 446 49534 2 1 1
901 165 989 6299 -2 -3 -1
238 699 705 28608 -3 3 -3
348 461 17 57423 4 2 -3
538 128 139 16746 1 -1 -2
280 542 754 13701 -1 -2 -2
550 21 485 17892 -1 0 1
634 647 325 11519 1 2 3
630 191 63 28560 0 4 -1
142 492 930 18438 3 -2 -3
94 780 708 59156 0 1 -1
522 87 925 7037 -3 -1 3
548 296 986 35402 -2 -4 -4
512 956 589 32198 4 3 3
482 557 88 11152 -2 -3 -3
139 694 5 50046 -1 -1 -2
869 236 15 19017 -2 -3 -3
724 754 350 64468 2 -1 4
158 164 23 8273 -3 -2 3
410 260 790 25982 2 -1 -4
89 781 439 9942 4 -4 2
901 511 674 2258 3 3 -3
976 669 161 9982 -2 -2 -2
906 999 697 15924 0 4 2
567 986 486 51856 2 2 0
136 435 693 61589 -1 0 2
212 96 934 37588 -3 3 2
950 631 802 47208 -2 4 1
242 690 447 4985 -4 3 1
795 563 135 8691 1 2 -4
297 900 688 46525 0 0 0
114 69 428 36704 -4 3 -3
682 433 502 34605 0 0 0
151 235 960 39394 -1 4 -2
502 628 549 43911 4 3 -1
876 563 766 51974 -2 1 0
36 776 384 25983 -4 3 2
684 539 490 39235 -3 -2 -3
926 250 362 12132 2 -2 -2
758 853 944 314 -3 -4 -3
105 257 736 4454 3 4 1
595 710 265 61208 2 -3 -3
376 558 601 53262 -2 -2 0
38 227 14 2996 -1 4 2
554 669 407 25075 -1 -3 3
313 967 718 23156 0 -3 4
631 443 712 12431 1 -4 -2
513 628 96 19423 1 -4 2
641 69 481 6811 2 -4 -2
369 736 8 19778 -4 -4 3
733 414 187 19756 -1 -1 4
210 564 738 56035 0 -1 -3
401 945 325 51042 -2 4 -3
456 47 795 46034 2 -4 -2
840 882 155 56477 2 1 -2
505 946 366 13691 -3 3 -1
408 290 768 24185 -1 -4 -3
601 251 144 32354 -2 -3 4
435 447 448 31531 2 -4 -4
329 651 842 57146 -2 2 -4
164 664 43 46964 0 -1 -1
542 256 640 14176 1 -2 -3
510 428 846 31145 0 -3 1
556 250 125 27213 0 0 1
555 880 324 49663 0 0 -4
203 530 729 10730 2 0 -3
645 858 852 64996 4 -2 -1
513 344 730 21493 -3 0 -2
200 878 729 49115 4 -3 0
7 772 175 65082 4 -1 -4
440 626 902 21790 -3 -3 -1
123 804 751 13597 -1 0 3
448 392 69 19032 0 2 3
381 556 287 47692 -4 0 -3
983 718 259 8527 -2 -3 1
182 972 807 59905 -2 0 2
630 744 57 12062 2 0 3
760 628 186 10133 1 1 -2
865 639 833 63888 0 -2 -3
55 310 485 56733 -2 0 -4
412 555 893 64930 4 4 -4
789 428 550 42637 -4 -2 -4
241 914 924 17186 0 -1 4
264 554 281 35559 1 1 -2
499 763 506 13383 -4 3 -4
970 701 777 24719 1 0 3
186 417 55 37435 3 -3 3
237 89 247 45797 -4 0 1
211 999 784 55895 -4 4 -2
784 42 632 46195 -4 4 -3
225 441 231 39099 -1 4 4
894 617 835 29755 -3 -3 -4
53 315 213 7017 1 -2 3
780 641 6 11532 1 -1 -2
131 752 242 6533 -4 -2 3
756 463 71 38442 2 -4 2
491 989 174 40056 0 4 -1
970 738 841 40718 -4 -2 -4
766 838 42 46218 -2 3 3
488 461 135 48676 2 4 -4
356 113 435 63055 -4 3 0
110 702 257 53600 -1 1 -3
171 299 904 40489 4 0 -4
784 582 850 57176 3 -4 4
319 192 818 13588 2 -3 -4
463 215 619 64405 -3 -3 2
709 680 595 7048 -4 -4 2
820 446 413 51404 1 -3 -4
424 250 448 14080 3 -3 2
804 872 647 27427 -4 -4 1
709 848 254 16330 -1 4 2
859 350 229 22431 -3 1 3
177 906 568 30882 1 -3 -3
303 987 470 61467 -1 -2 -1
3 440 271 42536 4 3 0
816 376 541 53731 -1 -4 0
226 765 399 57884 -3 1 4
532 688 408 52403 3 -1 3
239 51 372 27122 0 2 -1
780 522 493 4157 4 3 1
976 509 387 10458 -1 3 2
649 458 668 44717 2 4 -4
174 658 14 8926 0 1 -1
554 735 315 39646 -2 -2 0
507 546 964 47203 4 4 1
33 842 348 10451 -4 -2 1
446 149 937 52821 -4 -2 -4
221 42 43 6423 3 2 0
386 870 97 12221 -4 -4 1
824 117 766 11602 1 -3 -3
259 186 109 43369 -3 -1 3
495 702 417 59700 -4 -4 -3
874 523 306 60380 2 -2 -2
163 817 234 63507 4 3 0
893 818 442 50320 -3 -3 1
692 302 944 30011 2 -2 3
101 526 748 2199 3 -2 4
796 809 445 3911 -1 -4 -3
912 32 552 44845 1 -4 -4
560 250 927 16716 0 4 3
557 584 48 52394 -4 -4 -3
513 554 277 27269 -2 -4 3
342 754 326 39862 2 1 1
342 225 777 8102 1 3 -3
380 575 946 54106 2 -4 2
623 142 990 19664 -4 1 -1
412 693 825 52946 2 3 3
587 382 124 1705 2 3 -4
786 606 337 32999 -3 2 -3
46 630 109 50085 1 -2 3
173 70 658 33801 0 3 -4
564 986 52 39999 1 -4 1
327 430 967 8138 -2 0 2
571 292 794 29057 0 -3 2
400 707 147 50149 -2 4 4
893 992 850 33817 3 -1 -1
347 431 744 32418 3 -4 3
898 368 477 9365 -2 3 3
287 879 780 44607 -2 -2 2
363 436 124 10209 1 -4 -3
759 229 27 37618 0 -2 4
873 835 329 55052 0 1 -4
215 782 88 19367 -4 4 -2
247 500 155 7122 -3 -4 -2
717 958 638 34468 -3 3 -2
199 140 770 51712 2 -2 -2
882 610 494 9658 -3 3 -2
53 802 847 56940 -2 -4 1
591 986 538 13764 4 4 -1
483 545 422 16530 -2 -2 -1
365 996 655 64879 0 0 -3
350 83 2 49667 -1 0 1
892 205 21 32867 0 -1 1
488 439 983 60803 2 -2 3
726 302 465 49643 4 0 0
608 622 388 24766 1 3 4
295 240 768 41100 0 4 -3
341 53 223 28581 -1 -2 3
533 316 510 20915 4 0 0
972 800 40 52892 -1 -1 -3
831 171 899 7527 -2 -4 -4
561 512 746 5134 3 0 -1
762 528 587 4863 -3 -1 3
166 129 256 28594 -1 4 -2
55 429 608 9479 -1 -3 4
715 878 737 49708 1 1 -2
308 805 317 55358 2 -3 -1
881 707 623 37999 -4 -3 4
118 527 607 23565 4 -2 4
908 74 130 4696 3 0 4
46 55 839 32506 -4 -1 3
897 765 197 62450 4 -4 3
661 403 418 27731 1 1 -2
591 944 69 50196 0 3 -1
26 123 784 49384 -4 -2 1
94 484 259 31143 -3 -3 0
74 981 2 15719 4 2 0
20 501 874 46907 1 2 1
167 847 643 62241 -2 -4 2
204 107 396 47562 2 -2 -2
193 817 762 50867 -2 2 -4
887 240 572 52203 -3 2 4
538 742 38 64185 1 0 3
263 814 867 19147 -2 1 -1
865 624 406 37498 -3 3 -4
591 988 679 60711 -1 -2 2
969 697 313 12259 4 -3 2
732 386 166 59379 1 2 -3
473 1 579 49898 3 1 3
418 857 73 19570 1 -1 0
425 707 635 13970 -1 1 1
548 653 873 62225 3 0 -3
591 777 91 17200 -4 1 4
108 360 151 7038 -1 -3 2
415 681 433 63336 4 -3 0
146 370 896 46942 4 4 -1
414 161 604 60765 -3 2 -4
69 69 176 3073 -2 0 2
999 257 296 16110 -4 -1 4
679 502 249 19929 0 -4 1
247 916 847 54813 -4 -2 -3
16 498 440 1837 3 -3 -3
349 296 21 46836 4 -4 2
196 751 777 59955 0 1 -4
830 172 925 64901 0 0 3
518 576 461 46358 -4 -3 1
994 870 289 47192 0 -2 2
424 332 863 55028 1 4 0
392 18 900 55334 2 -4 3
983 950 447 59309 2 0 1
304 162 62 47811 1 1 3
902 366 743 49110 3 2 -2
837 950 498 26045 2 -4 1
512 576 808 63743 -4 4 -1
108 163 736 8252 1 2 -2
709 854 114 15964 2 -3 -4
270 168 941 3707 -4 2 -1
440 189 493 62008 -3 -4 3
347 908 852 24879 -4 2 -3
101 92 339 37626 -1 -4 -1
519 16 769 34965 2 -1 3
655 501 290 61503 -4 3 2
512 788 607 50683 0 -4 4
471 752 591 52780 3 -3 -1
143 736 565 29102 3 2 -2
289 396 404 33256 1 2 3
292 829 199 40140 3 1 4
665 322 386 26673 -3 3 -4
271 908 500 49902 2 2 4
